1 1 1 377
2 1 1 146
3 1 1 1617
4 1 1 103
5 1 1 1893
6 1 1 876
7 1 1 1967
8 1 1 643
9 1 1 397
10 1 1 1121
11 1 1 664
12 1 1 815
13 1 1 150
14 1 1 2394
15 1 1 2721
16 1 2 891 2724
17 1 1 2647
18 1 1 2353
19 1 1 431
20 1 1 1810
21 1 1 2408
22 1 3 585 891 1914
23 1 1 1010
24 1 1 1819
25 1 1 330
26 1 1 702
27 1 1 650
28 1 2 2001 2182
29 1 1 2789
30 1 1 2361
31 1 2 98 2674
32 1 1 669
33 1 2 1001 2959
34 1 1 499
35 1 1 2101
36 1 1 2580
37 1 1 2399
38 1 1 815
39 1 1 1875
40 1 1 1793
41 1 3 467 517 2869
42 1 2 1854 1866
43 1 2 22 2470
44 1 1 176
45 1 1 1629
46 1 3 111 1716 1793
47 1 2 340 619
48 1 1 1098
49 1 1 1584
50 1 1 2911
51 1 1 2596
52 1 1 462
53 1 1 2494
54 1 1 2835
55 1 1 1846
56 1 1 2450
57 1 1 1976
58 1 1 2874
59 1 1 2739
60 1 1 866
61 1 1 986
62 1 2 1268 2514
63 1 1 1745
64 1 1 2525
65 1 1 150
66 1 1 966
67 1 1 2809
68 1 1 1443
69 1 1 874
70 1 1 1558
71 1 1 2394
72 1 2 1460 1760
73 1 1 150
74 1 1 588
75 1 1 2202
76 1 1 388
77 1 1 1029
78 1 1 444
79 1 1 434
80 1 1 2897
81 1 1 866
82 1 1 226
83 1 1 2254
84 1 2 667 1936
85 1 2 2296 2319
86 1 1 150
87 1 1 1683
88 1 1 682
89 1 1 158
90 1 1 1743
91 1 1 98
92 1 1 2820
93 1 1 1278
94 1 1 1121
95 1 1 2580
96 1 1 1203
97 1 1 815
98 1 1 1347
99 1 1 1649
100 1 1 357
101 1 1 1174
102 1 1 404
103 1 1 1793
104 1 1 212
105 1 1 2047
106 1 1 2467
107 1 1 2120
108 1 1 2717
109 1 1 2804
110 1 1 668
111 1 1 145
112 1 1 1171
113 1 1 2258
114 1 1 287
115 1 1 1974
116 1 1 131
117 1 2 66 2387
118 1 1 874
119 1 1 2818
120 1 1 2496
121 1 1 1896
122 1 1 420
123 1 1 2528
124 1 2 213 950
125 1 1 1870
126 1 1 545
127 1 1 2497
128 1 1 330
129 1 1 2366
130 1 1 150
131 1 1 234
132 1 1 2074
133 1 1 853
134 1 1 340
135 1 1 125
136 1 1 2547
137 1 1 420
138 1 1 683
139 1 1 1440
140 1 2 2311 2500
141 1 1 741
142 1 1 1683
143 1 1 383
144 1 1 55
145 1 2 1278 1921
146 1 2 1503 2017
147 1 1 2492
148 1 1 1440
149 1 2 1070 1478
150 1 1 637
151 1 1 150
152 1 1 1773
153 1 1 2494
154 1 1 2054
155 1 1 1771
156 1 1 1148
157 1 1 2029
158 1 1 71
159 1 1 2144
160 1 1 2712
161 1 1 2525
162 1 1 2580
163 1 1 2630
164 1 1 1262
165 1 1 1856
166 1 1 1524
167 1 1 1361
168 1 1 1222
169 1 1 1708
170 1 1 499
171 1 1 1726
172 1 1 98
173 1 1 365
174 1 1 1116
175 1 1 2047
176 1 1 1525
177 1 1 2662
178 1 1 1564
179 1 1 828
180 1 1 2764
181 1 1 1739
182 1 1 998
183 1 1 1739
184 1 1 514
185 1 1 2630
186 1 1 2277
187 1 1 2804
188 1 1 2250
189 1 1 2737
190 1 1 2010
191 1 1 662
192 1 1 1540
193 1 1 1022
194 1 1 1700
195 1 1 1192
196 1 1 2101
197 1 1 1967
198 1 1 1349
199 1 1 2466
200 1 1 66
201 1 1 699
202 1 1 1436
203 1 1 2315
204 1 1 1450
205 1 1 683
206 1 1 2662
207 1 2 2310 2528
208 1 1 1674
209 1 1 1197
210 1 1 1649
211 1 1 2764
212 1 1 1373
213 1 1 558
214 1 1 1182
215 1 2 115 942
216 1 1 145
217 1 1 1583
218 1 1 681
219 1 1 1414
220 1 2 1034 1277
221 1 1 2641
222 1 1 1233
223 1 1 225
224 1 1 1696
225 1 1 1088
226 1 1 1617
227 1 1 1517
228 1 1 1723
229 1 1 2358
230 1 1 1575
231 1 2 212 379
232 1 1 2910
233 1 1 2541
234 1 1 1924
235 1 1 66
236 1 1 1350
237 1 1 746
238 1 1 757
239 1 1 1959
240 1 1 2350
241 1 1 1818
242 1 1 2662
243 1 1 950
244 1 1 2380
245 1 1 1413
246 1 1 759
247 1 1 420
248 1 1 1857
249 1 2 670 1075
250 1 1 1405
251 1 1 1517
252 1 1 1954
253 1 1 1136
254 1 1 340
255 1 1 1962
256 1 1 520
257 1 1 2123
258 1 1 377
259 1 1 947
260 1 1 1065
261 1 1 1921
262 1 1 1057
263 1 1 2717
264 1 1 2009
265 1 1 2790
266 1 1 2095
267 1 2 403 2826
268 1 1 1775
269 1 1 1008
270 1 1 1031
271 1 1 98
272 1 1 1238
273 1 2 1141 2723
274 1 1 2355
275 1 1 1937
276 1 1 1522
277 1 2 513 2555
278 1 1 2257
279 1 1 146
280 1 2 576 1732
281 1 1 2505
282 1 1 2446
283 1 1 637
284 1 2 521 1302
285 1 1 2333
286 1 1 1440
287 1 1 1585
288 1 2 929 1745
289 1 1 474
290 1 1 788
291 1 1 1647
292 1 1 1870
293 1 1 916
294 1 1 739
295 1 1 2701
296 1 1 66
297 1 1 2499
298 1 1 2026
299 1 1 2415
300 1 1 1287
301 1 1 2370
302 1 2 89 773
303 1 2 1778 2555
304 1 1 1192
305 1 1 1522
306 1 1 1407
307 1 1 2895
308 1 1 2630
309 1 1 2466
310 1 1 1622
311 1 2 1178 2614
312 1 1 1817
313 1 1 1688
314 1 1 102
315 1 1 173
316 1 1 2422
317 1 1 90
318 1 1 85
319 1 1 2915
320 1 1 452
321 1 1 1277
322 1 2 66 2387
323 1 1 2910
324 1 1 2010
325 1 1 2630
326 1 1 668
327 1 1 1070
328 1 1 1654
329 1 2 1460 1760
330 1 1 2704
331 1 1 2971
332 1 1 1683
333 1 1 1548
334 1 1 971
335 1 1 1793
336 1 2 251 2433
337 1 1 1317
338 1 1 538
339 1 2 54 964
340 1 1 90
341 1 3 113 2197 2288
342 1 1 2250
343 1 1 1264
344 1 1 2366
345 1 1 702
346 1 2 176 343
347 1 1 1008
348 1 2 1650 2224
349 1 1 1403
350 1 1 2600
351 1 1 2807
352 1 2 564 2250
353 1 1 815
354 1 1 1228
355 1 1 2945
356 1 1 308
357 1 2 796 2904
358 1 1 1561
359 1 1 168
360 1 3 113 2197 2288
361 1 1 604
362 1 1 1058
363 1 1 301
364 1 1 1801
365 1 1 31
366 1 1 434
367 1 1 2556
368 1 1 1089
369 1 1 1517
370 1 1 1478
371 1 1 2014
372 1 1 1311
373 1 1 713
374 1 1 1272
375 1 1 795
376 1 1 2267
377 1 1 1462
378 1 1 1873
379 1 1 2912
380 1 1 2202
381 1 1 1702
382 1 1 2861
383 1 1 2091
384 1 1 146
385 1 1 472
386 1 1 1091
387 1 1 2228
388 1 1 2101
389 1 1 1488
390 1 1 2521
391 1 1 308
392 1 1 1559
393 1 3 370 1989 2496
394 1 1 1647
395 1 1 2422
396 1 1 1576
397 1 1 102
398 1 1 2278
399 1 1 1558
400 1 1 797
401 1 1 313
402 1 1 2486
403 1 1 2380
404 1 1 1072
405 1 1 1414
406 1 1 1854
407 1 1 800
408 1 1 1280
409 1 1 469
410 1 2 576 1732
411 1 1 2569
412 1 1 989
413 1 1 2354
414 1 1 2380
415 1 1 2480
416 1 1 1088
417 1 1 848
418 1 1 1053
419 1 1 1272
420 1 1 1129
421 1 1 1543
422 1 1 1600
423 1 1 1076
424 1 1 874
425 1 1 2191
426 1 1 347
427 1 1 2938
428 1 1 2644
429 1 1 1774
430 1 1 2789
431 1 1 404
432 1 1 1703
433 1 1 1782
434 1 1 810
435 1 1 2719
436 1 1 1846
437 1 1 2552
438 1 1 801
439 1 1 2291
440 1 1 13
441 1 1 365
442 1 1 626
443 1 1 2789
444 1 1 1146
445 1 2 667 1936
446 1 1 2360
447 1 1 2472
448 1 2 1857 2756
449 1 1 1417
450 1 1 431
451 1 1 1379
452 1 1 2304
453 1 1 2353
454 1 1 868
455 1 1 2662
456 1 1 275
457 1 1 702
458 1 1 2095
459 1 1 2315
460 1 1 2404
461 1 2 725 1472
462 1 1 531
463 1 1 1970
464 1 1 1091
465 1 2 2117 2704
466 1 1 293
467 1 1 1244
468 1 1 269
469 1 1 2386
470 1 1 1253
471 1 1 2701
472 1 1 272
473 1 1 390
474 1 1 585
475 1 1 507
476 1 1 950
477 1 1 2250
478 1 1 2889
479 1 1 1317
480 1 1 989
481 1 1 2861
482 1 1 434
483 1 1 1745
484 1 1 1121
485 1 1 2361
486 1 1 1318
487 1 1 1466
488 1 1 979
489 1 1 2014
490 1 1 412
491 1 1 514
492 1 1 264
493 1 1 1916
494 1 1 1030
495 1 1 828
496 1 1 1116
497 1 1 979
498 1 1 2664
499 1 1 390
500 1 1 922
501 1 1 558
502 1 1 2779
503 1 1 1708
504 1 1 702
505 1 1 1070
506 1 1 2492
507 1 1 2248
508 1 1 1511
509 1 1 2893
510 1 1 2403
511 1 1 2107
512 1 1 146
513 1 2 1347 1629
514 1 1 1817
515 1 1 2288
516 1 1 2789
517 1 1 2614
518 1 1 168
519 1 1 357
520 1 1 2162
521 1 1 2450
522 1 2 1278 1921
523 1 1 1773
524 1 1 2861
525 1 1 891
526 1 1 757
527 1 1 622
528 1 1 384
529 1 2 513 2555
530 1 1 2881
531 1 1 2382
532 1 2 1254 2267
533 1 1 1070
534 1 1 1933
535 1 1 2105
536 1 1 2013
537 1 1 579
538 1 1 1350
539 1 1 167
540 1 2 168 436
541 1 1 794
542 1 1 929
543 1 1 2144
544 1 1 2943
545 1 1 230
546 1 1 500
547 1 1 874
548 1 1 2631
549 1 1 1649
550 1 1 594
551 1 1 167
552 1 1 173
553 1 1 1583
554 1 2 1460 1760
555 1 1 383
556 1 1 383
557 1 1 1057
558 1 1 1222
559 1 1 874
560 1 1 2574
561 1 1 1070
562 1 1 150
563 1 1 1070
564 1 1 345
565 1 1 2353
566 1 1 517
567 1 1 226
568 1 1 2894
569 1 1 2945
570 1 1 916
571 1 1 2784
572 1 1 287
573 1 1 2247
574 1 1 2949
575 1 1 2382
576 1 1 2160
577 1 2 920 1131
578 1 2 193 2295
579 1 1 1525
580 1 1 1406
581 1 1 1798
582 1 1 2351
583 1 1 1587
584 1 1 2639
585 1 1 2869
586 1 1 874
587 1 1 2156
588 1 1 1920
589 1 1 158
590 1 1 1055
591 1 1 444
592 1 1 2382
593 1 1 2446
594 1 1 64
595 1 1 741
596 1 1 2144
597 1 1 1683
598 1 1 1452
599 1 1 682
600 1 1 834
601 1 1 1416
602 1 2 796 1967
603 1 1 2016
604 1 1 1598
605 1 1 2730
606 1 1 76
607 1 3 667 793 1347
608 1 1 2377
609 1 2 544 2312
610 1 1 687
611 1 1 2011
612 1 1 2029
613 1 2 920 2375
614 1 1 224
615 1 1 518
616 1 1 2142
617 1 1 1244
618 1 1 1204
619 1 1 2621
620 1 1 2521
621 1 1 1996
622 1 1 374
623 1 1 2496
624 1 1 2353
625 1 1 1593
626 1 1 1446
627 1 1 156
628 1 2 617 1747
629 1 2 1460 1760
630 1 1 2552
631 1 1 1070
632 1 1 1091
633 1 2 1583 2689
634 1 2 58 2348
635 1 1 1658
636 1 1 2183
637 1 2 419 2183
638 1 1 2541
639 1 1 275
640 1 1 275
641 1 1 2399
642 1 1 2485
643 1 1 689
644 1 1 43
645 1 1 1584
646 1 1 922
647 1 1 1147
648 1 1 293
649 1 1 2335
650 1 1 1564
651 1 1 156
652 1 1 296
653 1 1 667
654 1 2 1583 2689
655 1 1 1556
656 1 1 2996
657 1 1 1726
658 1 1 2083
659 1 1 2691
660 1 2 145 2301
661 1 1 64
662 1 1 469
663 1 1 1543
664 1 1 1466
665 1 1 55
666 1 1 419
667 1 2 2310 2528
668 1 1 390
669 1 1 255
670 1 1 2745
671 1 1 2352
672 1 1 1856
673 1 3 69 406 2997
674 1 1 365
675 1 1 1612
676 1 1 2689
677 1 1 2083
678 1 1 156
679 1 1 2486
680 1 1 2651
681 1 1 2446
682 1 1 2804
683 1 1 2429
684 1 1 1988
685 1 2 1503 2017
686 1 2 54 964
687 1 2 998 2533
688 1 1 2123
689 1 1 2370
690 1 1 230
691 1 1 702
692 1 1 1739
693 1 1 1318
694 1 1 1150
695 1 1 1107
696 1 2 1410 1731
697 1 1 839
698 1 2 2599 2826
699 1 1 1042
700 1 1 668
701 1 1 90
702 1 1 563
703 1 1 2809
704 1 1 64
705 1 1 558
706 1 1 1351
707 1 1 2910
708 1 1 630
709 1 1 2228
710 1 1 420
711 1 1 1482
712 1 1 2171
713 1 1 1192
714 1 2 1493 1558
715 1 2 1215 2296
716 1 1 2494
717 1 1 2472
718 1 2 1885 2643
719 1 1 988
720 1 1 1643
721 1 1 709
722 1 1 85
723 1 1 1675
724 1 2 193 2295
725 1 1 643
726 1 1 1404
727 1 1 1840
728 1 1 1489
729 1 1 1647
730 1 1 558
731 1 1 1854
732 1 1 55
733 1 1 853
734 1 1 1194
735 1 1 1585
736 1 1 1782
737 1 1 2874
738 1 1 1817
739 1 1 357
740 1 1 959
741 1 1 1148
742 1 1 1411
743 1 2 308 2236
744 1 1 2689
745 1 1 1496
746 1 1 384
747 1 1 554
748 1 1 702
749 1 1 1701
750 1 1 757
751 1 1 1754
752 1 1 1139
753 1 1 828
754 1 3 98 1669 1735
755 1 1 213
756 1 1 611
757 1 1 213
758 1 1 1287
759 1 1 383
760 1 1 1675
761 1 1 2774
762 1 1 2012
763 1 1 1050
764 1 1 1436
765 1 1 2943
766 1 1 321
767 1 1 2107
768 1 1 1276
769 1 1 2278
770 1 1 564
771 1 1 1584
772 1 1 2630
773 1 1 1751
774 1 1 301
775 1 1 2861
776 1 1 1971
777 1 1 654
778 1 1 779
779 1 1 13
780 1 1 131
781 1 1 2621
782 1 1 2111
783 1 1 685
784 1 1 2265
785 1 1 702
786 1 1 2719
787 1 2 1779 1977
788 1 2 2383 2671
789 1 1 1991
790 1 2 2243 2723
791 1 1 579
792 1 1 1967
793 1 1 1856
794 1 1 160
795 1 1 699
796 1 1 64
797 1 1 1644
798 1 1 2897
799 1 1 2088
800 1 1 585
801 1 1 301
802 1 1 2291
803 1 1 377
804 1 1 2804
805 1 1 554
806 1 1 2558
807 1 1 1440
808 1 2 1231 1684
809 1 2 1779 1977
810 1 1 2879
811 1 1 1629
812 1 1 622
813 1 3 707 1030 1949
814 1 1 650
815 1 1 1644
816 1 1 815
817 1 1 1481
818 1 1 2399
819 1 1 2845
820 1 1 743
821 1 1 273
822 1 1 1649
823 1 1 89
824 1 3 434 461 2009
825 1 1 2789
826 1 1 2664
827 1 1 1739
828 1 1 97
829 1 1 759
830 1 1 1411
831 1 3 29 675 2334
832 1 1 2889
833 1 1 1856
834 1 2 469 1225
835 1 2 346 2651
836 1 1 916
837 1 2 293 1609
838 1 1 2907
839 1 3 377 1443 2520
840 1 1 1856
841 1 1 2521
842 1 3 271 2243 2334
843 1 1 275
844 1 1 308
845 1 1 377
846 1 1 2171
847 1 1 100
848 1 1 800
849 1 1 622
850 1 1 2501
851 1 1 1824
852 1 1 1644
853 1 1 1941
854 1 1 2342
855 1 2 695 1826
856 1 1 1020
857 1 1 419
858 1 1 1967
859 1 1 2997
860 1 1 1315
861 1 1 1010
862 1 1 2463
863 1 1 517
864 1 1 1008
865 1 1 2600
866 1 1 892
867 1 1 431
868 1 1 656
869 1 3 1070 1989 2502
870 1 1 1154
871 1 1 1612
872 1 2 89 773
873 1 1 212
874 1 1 1516
875 1 1 192
876 1 2 2310 2528
877 1 1 1411
878 1 1 293
879 1 1 1411
880 1 1 557
881 1 1 971
882 1 1 1287
883 1 1 1857
884 1 1 2010
885 1 1 1612
886 1 1 1327
887 1 1 1612
888 1 1 2261
889 1 2 1846 2911
890 1 1 472
891 1 1 2582
892 1 1 1562
893 1 1 908
894 1 1 845
895 1 2 1874 2350
896 1 1 1414
897 1 1 196
898 1 3 320 554 1726
899 1 1 1647
900 1 1 1210
901 1 1 801
902 1 1 1811
903 1 3 2301 2877 2967
904 1 1 514
905 1 1 2029
906 1 1 225
907 1 1 1124
908 1 1 293
909 1 1 1134
910 1 1 1840
911 1 1 544
912 1 1 2300
913 1 2 1013 2426
914 1 1 637
915 1 1 2350
916 1 1 378
917 1 1 2871
918 1 1 2206
919 1 1 2945
920 1 1 2333
921 1 2 94 1818
922 1 1 351
923 1 1 1567
924 1 2 3 725
925 1 1 1315
926 1 1 1350
927 1 1 1854
928 1 1 226
929 1 1 702
930 1 2 807 1685
931 1 1 2039
932 1 1 637
933 1 1 2366
934 1 1 1622
935 1 1 2941
936 1 2 1818 2469
937 1 1 2101
938 1 1 1766
939 1 2 90 2272
940 1 1 521
941 1 1 2101
942 1 2 115 942
943 1 1 98
944 1 1 622
945 1 1 887
946 1 1 308
947 1 2 521 1302
948 1 1 2325
949 1 1 743
950 1 1 403
951 1 1 124
952 1 1 158
953 1 1 693
954 1 1 2945
955 1 1 1440
956 1 1 1250
957 1 1 733
958 1 1 1121
959 1 1 137
960 1 1 1443
961 1 2 2152 2348
962 1 1 2014
963 1 1 1181
964 1 1 1504
965 1 1 441
966 1 1 1854
967 1 1 1658
968 1 1 1124
969 1 1 1153
970 1 1 1782
971 1 1 781
972 1 1 1129
973 1 1 1344
974 1 1 1967
975 1 1 487
976 1 1 1230
977 1 1 339
978 1 1 1372
979 1 1 1414
980 1 1 2315
981 1 1 558
982 1 2 1567 2485
983 1 1 2334
984 1 1 2419
985 1 1 1121
986 1 2 2117 2704
987 1 2 334 1832
988 1 1 2823
989 1 3 320 554 1726
990 1 1 2463
991 1 1 49
992 1 1 1674
993 1 2 1583 2689
994 1 1 1649
995 1 1 1751
996 1 1 1767
997 1 1 794
998 1 1 2945
999 1 1 2399
1000 1 1 920
1001 1 1 443
1002 1 1 2404
1003 1 1 275
1004 1 1 1826
1005 1 1 397
1006 1 1 214
1007 1 1 1916
1008 1 1 966
1009 1 1 1989
1010 1 1 2925
1011 1 1 746
1012 1 1 868
1013 1 1 517
1014 1 1 1047
1015 1 1 2386
1016 1 1 1543
1017 1 1 2217
1018 1 1 1598
1019 1 1 2291
1020 1 1 853
1021 1 1 765
1022 1 1 2923
1023 1 3 69 406 2997
1024 1 1 1824
1025 1 1 1689
1026 1 1 2202
1027 1 1 1050
1028 1 1 891
1029 1 1 2125
1030 1 1 180
1031 1 1 2370
1032 1 2 293 1629
1033 1 1 415
1034 1 1 444
1035 1 1 745
1036 1 1 1418
1037 1 1 2907
1038 1 1 434
1039 1 1 1583
1040 1 1 107
1041 1 1 1207
1042 1 2 1034 1277
1043 1 2 2352 2671
1044 1 2 1503 2017
1045 1 1 2210
1046 1 1 1022
1047 1 1 743
1048 1 1 531
1049 1 1 517
1050 1 1 2268
1051 1 1 2252
1052 1 1 471
1053 1 1 792
1054 1 1 1139
1055 1 1 514
1056 1 2 1870 2652
1057 1 1 2101
1058 1 1 1810
1059 1 2 735 1434
1060 1 1 2183
1061 1 2 2116 2779
1062 1 1 275
1063 1 1 1598
1064 1 2 1139 1354
1065 1 1 702
1066 1 1 2083
1067 1 1 1137
1068 1 1 566
1069 1 1 1008
1070 1 1 397
1071 1 1 1327
1072 1 2 978 2463
1073 1 1 868
1074 1 1 1700
1075 1 1 558
1076 1 1 474
1077 1 2 434 2897
1078 1 2 1735 2630
1079 1 1 1658
1080 1 1 1773
1081 1 1 2861
1082 1 1 2770
1083 1 1 2721
1084 1 2 1866 2976
1085 1 2 115 942
1086 1 2 1761 2115
1087 1 1 1396
1088 1 1 1629
1089 1 1 2818
1090 1 1 1649
1091 1 1 1692
1092 1 1 626
1093 1 1 308
1094 1 2 521 1302
1095 1 1 1348
1096 1 1 327
1097 1 1 908
1098 1 1 1403
1099 1 1 746
1100 1 1 2959
1101 1 1 379
1102 1 1 2371
1103 1 1 2704
1104 1 1 1088
1105 1 1 1524
1106 1 1 383
1107 1 2 1696 2715
1108 1 1 1700
1109 1 1 2415
1110 1 1 866
1111 1 1 275
1112 1 2 113 2197
1113 1 1 2426
1114 1 1 986
1115 1 1 1478
1116 1 1 2399
1117 1 1 384
1118 1 2 1157 2714
1119 1 1 1821
1120 1 1 384
1121 1 1 226
1122 1 1 1238
1123 1 1 557
1124 1 1 834
1125 1 1 1136
1126 1 1 2639
1127 1 1 224
1128 1 1 874
1129 1 1 2517
1130 1 1 757
1131 1 1 1793
1132 1 1 648
1133 1 1 531
1134 1 1 663
1135 1 1 1561
1136 1 1 220
1137 1 1 2406
1138 1 1 55
1139 1 1 201
1140 1 1 55
1141 1 1 2580
1142 1 1 1856
1143 1 1 2662
1144 1 1 347
1145 1 3 672 2565 2916
1146 1 1 2415
1147 1 3 585 891 1914
1148 1 2 1735 2630
1149 1 1 1129
1150 1 1 19
1151 1 1 2600
1152 1 1 745
1153 1 1 785
1154 1 2 998 2533
1155 1 1 472
1156 1 1 1139
1157 1 2 242 740
1158 1 1 853
1159 1 1 2364
1160 1 2 920 2375
1161 1 1 1317
1162 1 1 1739
1163 1 1 440
1164 1 1 1937
1165 1 1 2724
1166 1 1 869
1167 1 1 1798
1168 1 2 7 98
1169 1 1 853
1170 1 1 98
1171 1 1 275
1172 1 1 743
1173 1 1 1854
1174 1 1 2454
1175 1 2 670 1075
1176 1 1 1655
1177 1 3 271 2243 2334
1178 1 2 2309 2762
1179 1 1 1637
1180 1 1 1713
1181 1 1 1854
1182 1 1 1267
1183 1 2 828 2901
1184 1 1 1658
1185 1 1 342
1186 1 1 2809
1187 1 1 1446
1188 1 1 1622
1189 1 1 1637
1190 1 2 926 1258
1191 1 1 1598
1192 1 2 926 1258
1193 1 1 1452
1194 1 1 563
1195 1 1 1518
1196 1 2 920 2375
1197 1 1 743
1198 1 1 961
1199 1 1 1197
1200 1 1 2802
1201 1 1 283
1202 1 1 342
1203 1 2 1200 1661
1204 1 1 815
1205 1 1 2029
1206 1 1 1129
1207 1 1 1338
1208 1 1 622
1209 1 1 2945
1210 1 1 741
1211 1 1 810
1212 1 1 2837
1213 1 1 1856
1214 1 1 1761
1215 1 1 734
1216 1 1 1140
1217 1 1 929
1218 1 1 1419
1219 1 1 2252
1220 1 1 498
1221 1 1 1050
1222 1 1 2480
1223 1 1 2382
1224 1 1 1759
1225 1 1 293
1226 1 1 1070
1227 1 2 536 2393
1228 1 1 2675
1229 1 1 557
1230 1 1 1959
1231 1 1 1446
1232 1 1 1413
1233 1 1 1125
1234 1 1 971
1235 1 3 1832 2524 2950
1236 1 1 836
1237 1 1 866
1238 1 1 2485
1239 1 1 2021
1240 1 1 397
1241 1 1 1740
1242 1 1 2350
1243 1 1 1450
1244 1 1 1586
1245 1 1 1413
1246 1 1 650
1247 1 1 1317
1248 1 1 1154
1249 1 1 64
1250 1 1 2681
1251 1 1 124
1252 1 1 1821
1253 1 2 796 2904
1254 1 1 1440
1255 1 1 1585
1256 1 1 563
1257 1 1 2547
1258 1 1 2345
1259 1 1 2217
1260 1 1 419
1261 1 1 517
1262 1 1 2945
1263 1 1 444
1264 1 1 2659
1265 1 2 340 619
1266 1 1 1644
1267 1 1 469
1268 1 1 2333
1269 1 1 815
1270 1 1 876
1271 1 1 1739
1272 1 1 347
1273 1 1 1679
1274 1 1 524
1275 1 1 31
1276 1 1 55
1277 1 1 1404
1278 1 1 1121
1279 1 3 585 891 1914
1280 1 1 929
1281 1 1 713
1282 1 1 1192
1283 1 1 1567
1284 1 1 2719
1285 1 1 1116
1286 1 1 891
1287 1 1 2351
1288 1 1 1382
1289 1 1 20
1290 1 1 64
1291 1 1 1817
1292 1 1 2011
1293 1 1 2610
1294 1 1 746
1295 1 1 2429
1296 1 1 2897
1297 1 1 2047
1298 1 1 472
1299 1 1 1664
1300 1 2 1215 2296
1301 1 1 150
1302 1 1 2413
1303 1 1 1847
1304 1 1 604
1305 1 1 275
1306 1 2 251 2433
1307 1 3 377 1443 2520
1308 1 1 891
1309 1 1 1545
1310 1 1 1810
1311 1 1 1723
1312 1 1 2806
1313 1 1 2243
1314 1 1 58
1315 1 1 1436
1316 1 1 22
1317 1 1 2485
1318 1 1 741
1319 1 2 1818 2469
1320 1 1 1493
1321 1 1 2111
1322 1 1 1141
1323 1 1 1751
1324 1 1 420
1325 1 1 947
1326 1 1 2830
1327 1 2 1414 2210
1328 1 1 989
1329 1 1 212
1330 1 1 101
1331 1 1 2689
1332 1 1 2721
1333 1 1 1936
1334 1 1 2120
1335 1 1 2959
1336 1 1 2315
1337 1 2 99 1937
1338 1 1 1583
1339 1 1 532
1340 1 1 2139
1341 1 1 2247
1342 1 1 794
1343 1 2 1866 2976
1344 1 1 1627
1345 1 1 173
1346 1 1 2012
1347 1 1 1726
1348 1 1 99
1349 1 1 1647
1350 1 1 1332
1351 1 1 415
1352 1 1 2249
1353 1 1 1553
1354 1 1 82
1355 1 1 1631
1356 1 1 971
1357 1 1 2906
1358 1 1 2106
1359 1 1 2252
1360 1 1 611
1361 1 1 421
1362 1 1 875
1363 1 1 2621
1364 1 1 103
1365 1 2 0 2561
1366 1 1 2144
1367 1 1 1427
1368 1 1 2001
1369 1 1 1338
1370 1 1 1457
1371 1 1 839
1372 1 1 1559
1373 1 1 214
1374 1 2 576 1732
1375 1 1 1754
1376 1 1 2581
1377 1 1 286
1378 1 1 1222
1379 1 1 876
1380 1 1 150
1381 1 1 2009
1382 1 1 2748
1383 1 1 2664
1384 1 1 2093
1385 1 1 765
1386 1 2 1006 1710
1387 1 1 66
1388 1 1 1751
1389 1 1 1732
1390 1 1 1771
1391 1 1 2446
1392 1 1 39
1393 1 1 2374
1394 1 1 1008
1395 1 1 1554
1396 1 1 663
1397 1 2 1013 2426
1398 1 1 2818
1399 1 1 2291
1400 1 1 452
1401 1 1 150
1402 1 1 848
1403 1 2 2639 2835
1404 1 1 2975
1405 1 1 2402
1406 1 1 1766
1407 1 1 434
1408 1 1 2944
1409 1 1 866
1410 1 1 2042
1411 1 1 1179
1412 1 1 959
1413 1 2 2117 2704
1414 1 1 1959
1415 1 1 1683
1416 1 1 1222
1417 1 1 419
1418 1 1 2029
1419 1 1 2129
1420 1 1 2011
1421 1 1 2187
1422 1 1 472
1423 1 1 99
1424 1 2 1141 1396
1425 1 1 1121
1426 1 1 1121
1427 1 1 1050
1428 1 2 559 2569
1429 1 1 2107
1430 1 1 741
1431 1 1 1598
1432 1 2 263 733
1433 1 1 1047
1434 1 1 264
1435 1 1 1631
1436 1 1 1361
1437 1 1 2915
1438 1 1 1327
1439 1 1 1853
1440 1 1 753
1441 1 1 444
1442 1 1 330
1443 1 1 1047
1444 1 1 2652
1445 1 1 444
1446 1 4 181 406 663 819
1447 1 1 444
1448 1 1 1162
1449 1 1 1573
1450 1 1 98
1451 1 1 1647
1452 1 2 115 942
1453 1 1 49
1454 1 1 2789
1455 1 1 1350
1456 1 1 2579
1457 1 1 868
1458 1 2 2160 2509
1459 1 1 223
1460 1 1 2064
1461 1 1 538
1462 1 1 1559
1463 1 1 43
1464 1 1 1691
1465 1 1 2351
1466 1 1 255
1467 1 1 82
1468 1 1 2494
1469 1 2 427 2655
1470 1 1 1893
1471 1 1 1213
1472 1 1 2612
1473 1 1 2426
1474 1 1 1137
1475 1 1 1148
1476 1 1 1009
1477 1 1 1309
1478 1 1 2257
1479 1 1 330
1480 1 1 2806
1481 1 1 444
1482 1 1 100
1483 1 2 212 379
1484 1 1 2723
1485 1 1 470
1486 1 1 1250
1487 1 1 1585
1488 1 1 686
1489 1 1 795
1490 1 2 2296 2319
1491 1 1 472
1492 1 1 1548
1493 1 1 2853
1494 1 1 2331
1495 1 1 2511
1496 1 1 1137
1497 1 1 2533
1498 1 1 1258
1499 1 1 929
1500 1 1 2630
1501 1 1 2830
1502 1 1 1838
1503 1 1 2093
1504 1 1 1826
1505 1 1 1031
1506 1 2 1885 2643
1507 1 1 1010
1508 1 1 342
1509 1 1 1770
1510 1 1 959
1511 1 1 1818
1512 1 1 1063
1513 1 1 2453
1514 1 1 617
1515 1 1 2389
1516 1 1 564
1517 1 1 2109
1518 1 1 2250
1519 1 1 1107
1520 1 1 2544
1521 1 1 839
1522 1 1 434
1523 1 1 1713
1524 1 1 1856
1525 1 1 622
1526 1 1 1178
1527 1 1 220
1528 1 1 2291
1529 1 1 2741
1530 1 1 2059
1531 1 1 1773
1532 1 1 838
1533 1 1 1969
1534 1 1 2957
1535 1 1 1817
1536 1 1 914
1537 1 1 1254
1538 1 2 1454 1941
1539 1 3 1070 1989 2502
1540 1 1 1770
1541 1 1 702
1542 1 1 1970
1543 1 1 2057
1544 1 3 462 1297 1736
1545 1 1 1569
1546 1 1 2119
1547 1 1 2647
1548 1 2 787 2011
1549 1 1 874
1550 1 1 272
1551 1 1 1547
1552 1 1 521
1553 1 1 1826
1554 1 1 1711
1555 1 1 1649
1556 1 1 2580
1557 1 1 2334
1558 1 1 2789
1559 1 1 272
1560 1 3 1201 1271 2120
1561 1 1 2897
1562 1 1 2255
1563 1 2 1857 2756
1564 1 1 1174
1565 1 1 2475
1566 1 1 2124
1567 1 1 2042
1568 1 1 2366
1569 1 1 1995
1570 1 1 1308
1571 1 1 1446
1572 1 1 125
1573 1 1 759
1574 1 1 1340
1575 1 1 1774
1576 1 1 1873
1577 1 1 1525
1578 1 1 1418
1579 1 1 1853
1580 1 1 345
1581 1 1 1047
1582 1 1 2426
1583 1 1 1253
1584 1 1 1107
1585 1 1 383
1586 1 1 942
1587 1 2 988 2178
1588 1 1 2228
1589 1 1 2533
1590 1 1 2021
1591 1 1 1593
1592 1 1 1175
1593 1 1 1797
1594 1 2 1460 1760
1595 1 1 2621
1596 1 1 1204
1597 1 1 2887
1598 1 1 1667
1599 1 1 2689
1600 1 1 2291
1601 1 1 365
1602 1 1 293
1603 1 1 2026
1604 1 1 650
1605 1 3 1832 2524 2950
1606 1 2 787 2701
1607 1 1 101
1608 1 1 283
1609 1 1 757
1610 1 1 847
1611 1 1 158
1612 1 1 692
1613 1 1 2123
1614 1 1 1436
1615 1 1 2884
1616 1 2 1652 1654
1617 1 1 1557
1618 1 2 1372 1881
1619 1 1 1929
1620 1 2 866 1834
1621 1 1 1564
1622 1 1 914
1623 1 1 2202
1624 1 1 695
1625 1 1 819
1626 1 1 151
1627 1 1 499
1628 1 1 1916
1629 1 1 1986
1630 1 1 662
1631 1 1 2804
1632 1 1 1076
1633 1 1 2415
1634 1 1 2807
1635 1 1 2224
1636 1 1 1494
1637 1 1 55
1638 1 1 944
1639 1 1 1197
1640 1 2 115 942
1641 1 2 2309 2756
1642 1 1 1444
1643 1 1 273
1644 1 1 2785
1645 1 1 370
1646 1 1 2235
1647 1 2 2426 2504
1648 1 1 2248
1649 1 1 1053
1650 1 1 156
1651 1 2 283 2172
1652 1 1 1553
1653 1 1 2178
1654 1 1 31
1655 1 1 1675
1656 1 1 2039
1657 1 1 2614
1658 1 1 2350
1659 1 1 666
1660 1 1 462
1661 1 1 1856
1662 1 1 1424
1663 1 1 1440
1664 1 1 2123
1665 1 1 1154
1666 1 1 2273
1667 1 1 2821
1668 1 1 683
1669 1 1 544
1670 1 1 384
1671 1 1 1853
1672 1 1 1628
1673 1 1 1311
1674 1 1 2957
1675 1 1 1030
1676 1 2 1853 2350
1677 1 1 64
1678 1 1 90
1679 1 1 71
1680 1 1 1233
1681 1 1 2315
1682 1 2 1696 2715
1683 1 1 746
1684 1 1 1140
1685 1 1 2404
1686 1 1 150
1687 1 1 1437
1688 1 1 1414
1689 1 1 2630
1690 1 1 51
1691 1 1 1178
1692 1 1 2630
1693 1 1 1233
1694 1 1 2524
1695 1 1 2107
1696 1 1 273
1697 1 1 1828
1698 1 1 637
1699 1 1 514
1700 1 1 1050
1701 1 1 517
1702 1 1 566
1703 1 1 31
1704 1 1 287
1705 1 1 43
1706 1 1 940
1707 1 1 1137
1708 1 1 2789
1709 1 1 2044
1710 1 1 1853
1711 1 1 351
1712 1 1 283
1713 1 1 151
1714 1 2 669 1628
1715 1 1 2015
1716 1 1 1121
1717 1 1 2630
1718 1 2 1567 2485
1719 1 1 85
1720 1 1 2366
1721 1 1 1355
1722 1 1 1751
1723 1 1 1936
1724 1 1 1230
1725 1 1 561
1726 1 1 781
1727 1 1 1175
1728 1 1 70
1729 1 1 293
1730 1 2 708 1481
1731 1 1 2342
1732 1 1 2600
1733 1 2 1690 2877
1734 1 1 472
1735 1 2 1493 2345
1736 1 1 2580
1737 1 1 2374
1738 1 1 1267
1739 1 1 654
1740 1 2 1317 2057
1741 1 1 1598
1742 1 1 866
1743 1 1 1818
1744 1 1 1642
1745 1 1 1573
1746 1 1 852
1747 1 1 1853
1748 1 1 2442
1749 1 1 330
1750 1 1 1440
1751 1 1 2655
1752 1 1 1971
1753 1 1 2120
1754 1 2 1866 2976
1755 1 1 940
1756 1 1 1801
1757 1 2 1732 2327
1758 1 1 342
1759 1 1 2524
1760 1 1 146
1761 1 2 1034 1277
1762 1 2 2728 2769
1763 1 2 2594 2963
1764 1 1 1826
1765 1 1 613
1766 1 2 2076 2600
1767 1 1 784
1768 1 1 759
1769 1 1 2171
1770 1 1 2001
1771 1 1 2644
1772 1 1 2956
1773 1 1 1576
1774 1 1 1732
1775 1 1 2644
1776 1 1 500
1777 1 1 2621
1778 1 1 2547
1779 1 1 146
1780 1 1 383
1781 1 2 810 2318
1782 1 1 214
1783 1 1 2217
1784 1 2 2398 2597
1785 1 1 1840
1786 1 1 2818
1787 1 1 2721
1788 1 1 554
1789 1 1 2470
1790 1 1 1675
1791 1 3 29 275 2662
1792 1 2 1410 1731
1793 1 1 121
1794 1 1 100
1795 1 1 1136
1796 1 2 1885 2643
1797 1 1 364
1798 1 1 1146
1799 1 1 2835
1800 1 1 2821
1801 1 1 2889
1802 1 1 2496
1803 1 1 738
1804 1 1 71
1805 1 1 2252
1806 1 1 1946
1807 1 1 226
1808 1 1 2029
1809 1 1 2621
1810 1 2 49 1793
1811 1 1 404
1812 1 1 2829
1813 1 1 1034
1814 1 1 1475
1815 1 1 1121
1816 1 1 2101
1817 1 1 2047
1818 1 1 692
1819 1 1 2480
1820 1 1 664
1821 1 1 2689
1822 1 1 1250
1823 1 1 71
1824 1 1 554
1825 1 3 707 1030 1949
1826 1 1 2047
1827 1 1 2123
1828 1 1 2682
1829 1 1 2847
1830 1 1 2475
1831 1 1 64
1832 1 1 1585
1833 1 1 1032
1834 1 2 998 2533
1835 1 1 2480
1836 1 2 1690 2877
1837 1 1 2653
1838 1 2 1116 1891
1839 1 1 815
1840 1 2 1076 1413
1841 1 1 873
1842 1 1 770
1843 1 1 1178
1844 1 1 794
1845 1 1 637
1846 1 2 1154 2540
1847 1 1 596
1848 1 2 1732 2327
1849 1 1 54
1850 1 1 497
1851 1 2 263 733
1852 1 3 320 554 1726
1853 1 1 2829
1854 1 1 831
1855 1 1 1991
1856 1 1 1545
1857 1 2 115 942
1858 1 2 998 2533
1859 1 1 2119
1860 1 1 1010
1861 1 1 2661
1862 1 2 115 942
1863 1 1 1032
1864 1 1 1817
1865 1 2 469 1225
1866 1 2 248 1184
1867 1 1 2804
1868 1 1 2580
1869 1 1 173
1870 1 1 1272
1871 1 1 1419
1872 1 1 2438
1873 1 1 1070
1874 1 1 611
1875 1 1 683
1876 1 1 150
1877 1 1 472
1878 1 1 2047
1879 1 1 558
1880 1 2 2243 2673
1881 1 2 2311 2500
1882 1 1 1853
1883 1 1 85
1884 1 1 2228
1885 1 1 1676
1886 1 1 1712
1887 1 1 743
1888 1 1 2691
1889 1 1 2354
1890 1 2 66 2387
1891 1 1 1494
1892 1 1 150
1893 1 1 1282
1894 1 1 340
1895 1 1 2123
1896 1 2 1201 1900
1897 1 2 1564 2097
1898 1 2 807 1685
1899 1 1 1404
1900 1 2 321 2760
1901 1 1 1754
1902 1 2 1454 1941
1903 1 1 1075
1904 1 1 31
1905 1 1 1233
1906 1 1 2877
1907 1 1 2258
1908 1 1 1076
1909 1 1 2874
1910 1 1 784
1911 1 1 566
1912 1 1 2662
1913 1 1 13
1914 1 2 1351 2582
1915 1 1 99
1916 1 1 2288
1917 1 1 2492
1918 1 1 1559
1919 1 1 82
1920 1 1 454
1921 1 1 2485
1922 1 1 2021
1923 1 1 1332
1924 1 1 810
1925 1 1 85
1926 1 1 1282
1927 1 1 874
1928 1 3 43 1549 2267
1929 1 1 1169
1930 1 2 998 2533
1931 1 1 452
1932 1 1 979
1933 1 2 617 1747
1934 1 1 611
1935 1 2 389 1654
1936 1 1 2039
1937 1 2 181 381
1938 1 1 1405
1939 1 1 1404
1940 1 1 150
1941 1 1 1121
1942 1 1 31
1943 1 1 70
1944 1 1 874
1945 1 2 2426 2504
1946 1 1 100
1947 1 2 1414 2210
1948 1 1 1589
1949 1 1 1698
1950 1 1 2029
1951 1 1 2644
1952 1 2 66 839
1953 1 1 1585
1954 1 1 944
1955 1 3 707 1030 1949
1956 1 1 2253
1957 1 1 2420
1958 1 1 90
1959 1 2 2258 2987
1960 1 2 181 381
1961 1 2 145 2301
1962 1 1 347
1963 1 1 942
1964 1 1 1424
1965 1 1 1143
1966 1 1 308
1967 1 1 1197
1968 1 3 1070 1989 2502
1969 1 3 1832 2524 2950
1970 1 1 214
1971 1 1 876
1972 1 1 779
1973 1 1 828
1974 1 1 390
1975 1 1 499
1976 1 1 1518
1977 1 1 838
1978 1 1 1770
1979 1 1 2641
1980 1 1 2943
1981 1 1 294
1982 1 1 2860
1983 1 1 2652
1984 1 1 1824
1985 1 1 321
1986 1 1 2466
1987 1 2 403 1257
1988 1 1 2910
1989 1 1 2568
1990 1 2 1232 1238
1991 1 1 1545
1992 1 1 2630
1993 1 1 2083
1994 1 1 1233
1995 1 1 64
1996 1 1 2009
1997 1 1 2472
1998 1 1 2845
1999 1 1 1419
2000 1 1 2492
2001 1 1 1272
2002 1 1 383
2003 1 1 554
2004 1 1 554
2005 1 1 828
2006 1 1 561
2007 1 1 1208
2008 1 1 87
2009 1 1 383
2010 1 1 436
2011 1 1 666
2012 1 1 2301
2013 1 1 2818
2014 1 1 2032
2015 1 1 1833
2016 1 1 434
2017 1 1 1440
2018 1 1 58
2019 1 1 2574
2020 1 1 1088
2021 1 1 622
2022 1 1 71
2023 1 1 2244
2024 1 1 2011
2025 1 3 25 1700 2631
2026 1 1 554
2027 1 1 866
2028 1 1 1309
2029 1 1 2945
2030 1 1 2581
2031 1 1 544
2032 1 1 422
2033 1 2 1351 2582
2034 1 1 2408
2035 1 1 1627
2036 1 1 2239
2037 1 1 85
2038 1 1 2160
2039 1 2 2303 2938
2040 1 1 2558
2041 1 1 2943
2042 1 1 2644
2043 1 1 746
2044 1 1 1154
2045 1 1 2161
2046 1 1 1131
2047 1 1 2806
2048 1 1 1031
2049 1 1 2404
2050 1 2 1181 2446
2051 1 1 1202
2052 1 1 2217
2053 1 1 2754
2054 1 2 1524 2297
2055 1 1 1511
2056 1 1 340
2057 1 1 384
2058 1 1 2569
2059 1 1 273
2060 1 1 2951
2061 1 1 341
2062 1 1 815
2063 1 1 286
2064 1 1 2779
2065 1 1 225
2066 1 1 2021
2067 1 1 2910
2068 1 1 2930
2069 1 1 2013
2070 1 1 1895
2071 1 1 1918
2072 1 1 2171
2073 1 1 2728
2074 1 1 2350
2075 1 1 2477
2076 1 1 2191
2077 1 1 1445
2078 1 1 950
2079 1 1 1258
2080 1 1 99
2081 1 1 415
2082 1 1 746
2083 1 1 365
2084 1 1 1688
2085 1 1 1637
2086 1 1 2419
2087 1 1 1761
2088 1 1 1180
2089 1 1 2145
2090 1 2 1818 2469
2091 1 1 2402
2092 1 2 1257 2877
2093 1 1 2807
2094 1 1 1751
2095 1 1 1856
2096 1 1 2719
2097 1 1 794
2098 1 1 1713
2099 1 2 67 212
2100 1 2 414 552
2101 1 1 2569
2102 1 1 2653
2103 1 1 929
2104 1 1 2494
2105 1 2 1114 2731
2106 1 2 1735 2630
2107 1 1 124
2108 1 1 2949
2109 1 1 2921
2110 1 2 308 2236
2111 1 1 70
2112 1 1 339
2113 1 1 1924
2114 1 1 2095
2115 1 1 125
2116 1 1 636
2117 1 1 1701
2118 1 1 1629
2119 1 1 1649
2120 1 2 2728 2769
2121 1 1 2345
2122 1 1 2123
2123 1 2 321 2760
2124 1 1 554
2125 1 1 2486
2126 1 2 699 1779
2127 1 1 1524
2128 1 1 839
2129 1 1 99
2130 1 2 2664 2953
2131 1 1 1341
2132 1 1 745
2133 1 2 308 2236
2134 1 1 2480
2135 1 1 1047
2136 1 1 2806
2137 1 1 1766
2138 1 1 374
2139 1 1 436
2140 1 1 1440
2141 1 1 1522
2142 1 1 275
2143 1 1 129
2144 1 1 2719
2145 1 1 1192
2146 1 1 1751
2147 1 1 2202
2148 1 1 2574
2149 1 1 275
2150 1 1 2010
2151 1 1 935
2152 1 1 2687
2153 1 1 613
2154 1 1 2671
2155 1 1 1440
2156 1 1 1278
2157 1 1 2721
2158 1 1 1121
2159 1 3 111 1716 1793
2160 1 1 1175
2161 1 1 794
2162 1 1 834
2163 1 1 2009
2164 1 1 2426
2165 1 1 1332
2166 1 1 2109
2167 1 1 406
2168 1 1 2477
2169 1 1 2871
2170 1 1 1009
2171 1 1 2324
2172 1 1 286
2173 1 1 872
2174 1 1 1561
2175 1 2 752 2230
2176 1 1 1844
2177 1 1 2382
2178 1 1 1855
2179 1 1 815
2180 1 1 1027
2181 1 1 1278
2182 1 1 2556
2183 1 2 1778 2555
2184 1 1 2202
2185 1 1 872
2186 1 2 1141 2723
2187 1 1 1635
2188 1 2 1232 1238
2189 1 1 868
2190 1 1 1832
2191 1 1 1031
2192 1 1 1700
2193 1 1 517
2194 1 1 1576
2195 1 1 286
2196 1 2 1034 1277
2197 1 1 2228
2198 1 1 1517
2199 1 1 1628
2200 1 1 2724
2201 1 2 2728 2769
2202 1 2 670 1075
2203 1 1 1182
2204 1 1 1437
2205 1 1 2352
2206 1 1 20
2207 1 1 900
2208 1 2 1866 2976
2209 1 1 1691
2210 1 1 815
2211 1 1 1192
2212 1 1 971
2213 1 1 2102
2214 1 1 1010
2215 1 1 891
2216 1 1 1750
2217 1 1 1283
2218 1 2 1503 2644
2219 1 2 920 2375
2220 1 2 770 2488
2221 1 1 2480
2222 1 1 839
2223 1 1 2881
2224 1 1 2419
2225 1 1 1348
2226 1 2 1493 1558
2227 1 1 1946
2228 1 1 211
2229 1 1 100
2230 1 2 462 2048
2231 1 1 1556
2232 1 1 759
2233 1 1 1654
2234 1 1 1691
2235 1 1 2463
2236 1 1 662
2237 1 1 1517
2238 1 1 2753
2239 1 1 588
2240 1 2 862 1970
2241 1 1 2433
2242 1 1 1318
2243 1 1 994
2244 1 1 2010
2245 1 1 469
2246 1 1 273
2247 1 1 1121
2248 1 1 988
2249 1 1 51
2250 1 1 2183
2251 1 1 761
2252 1 1 2206
2253 1 1 1864
2254 1 1 2304
2255 1 1 738
2256 1 1 579
2257 1 1 2847
2258 1 1 2386
2259 1 1 97
2260 1 1 1256
2261 1 1 383
2262 1 1 2162
2263 1 1 794
2264 1 1 255
2265 1 1 1406
2266 1 1 1118
2267 1 1 293
2268 1 1 1070
2269 1 1 1887
2270 1 1 650
2271 1 1 2054
2272 1 1 1348
2273 1 1 1250
2274 1 1 2057
2275 1 1 2889
2276 1 2 920 1131
2277 1 1 1647
2278 1 2 796 1967
2279 1 1 2129
2280 1 2 1866 2976
2281 1 1 1687
2282 1 1 1178
2283 1 1 31
2284 1 2 563 1230
2285 1 1 1649
2286 1 1 2446
2287 1 1 702
2288 1 1 544
2289 1 1 2267
2290 1 1 2107
2291 1 1 1047
2292 1 1 422
2293 1 1 1873
2294 1 1 979
2295 1 1 2422
2296 1 1 1276
2297 1 1 434
2298 1 1 1857
2299 1 1 1876
2300 1 2 324 2145
2301 1 1 1031
2302 1 1 1129
2303 1 1 1726
2304 1 1 2853
2305 1 1 784
2306 1 1 868
2307 1 1 2741
2308 1 1 2971
2309 1 1 1498
2310 1 1 853
2311 1 1 362
2312 1 1 64
2313 1 1 1526
2314 1 1 2394
2315 1 1 2202
2316 1 1 794
2317 1 1 2320
2318 1 1 2689
2319 1 2 2136 2837
2320 1 1 2429
2321 1 1 1772
2322 1 1 2614
2323 1 1 286
2324 1 1 461
2325 1 1 514
2326 1 1 345
2327 1 1 255
2328 1 1 692
2329 1 1 1806
2330 1 1 440
2331 1 1 214
2332 1 1 637
2333 1 1 2228
2334 1 1 558
2335 1 1 1411
2336 1 1 1915
2337 1 1 1498
2338 1 1 1745
2339 1 1 2401
2340 1 1 2010
2341 1 1 1622
2342 1 1 666
2343 1 1 1810
2344 1 1 2704
2345 1 2 1874 2350
2346 1 1 2394
2347 1 1 390
2348 1 1 2315
2349 1 1 2009
2350 1 1 2032
2351 1 1 2010
2352 1 1 2630
2353 1 1 2014
2354 1 1 2857
2355 1 1 545
2356 1 1 31
2357 1 1 1452
2358 1 1 192
2359 1 1 2532
2360 1 1 340
2361 1 1 490
2362 1 1 2486
2363 1 1 330
2364 1 2 2426 2859
2365 1 2 1410 1731
2366 1 1 2885
2367 1 1 988
2368 1 2 115 942
2369 1 1 422
2370 1 1 1840
2371 1 1 2683
2372 1 1 1763
2373 1 2 1454 1941
2374 1 2 884 1910
2375 1 1 2342
2376 1 1 1309
2377 1 1 2394
2378 1 1 2192
2379 1 1 2691
2380 1 1 2420
2381 1 1 55
2382 1 1 1350
2383 1 1 2162
2384 1 1 2101
2385 1 1 2389
2386 1 1 1250
2387 1 1 390
2388 1 1 2737
2389 1 1 531
2390 1 2 1674 2598
2391 1 1 2907
2392 1 1 1348
2393 1 1 419
2394 1 1 167
2395 1 1 1351
2396 1 1 97
2397 1 1 1370
2398 1 1 2300
2399 1 1 1649
2400 1 1 2596
2401 1 1 1856
2402 1 1 2596
2403 1 1 1315
2404 1 1 2315
2405 1 1 330
2406 1 1 2217
2407 1 1 2088
2408 1 1 2333
2409 1 1 98
2410 1 1 929
2411 1 1 2861
2412 1 1 2273
2413 1 1 558
2414 1 1 321
2415 1 1 1853
2416 1 1 2426
2417 1 1 745
2418 1 1 1759
2419 1 1 1404
2420 1 1 1140
2421 1 1 1644
2422 1 1 1230
2423 1 1 2246
2424 1 3 554 1042 2157
2425 1 2 212 379
2426 1 1 2889
2427 1 1 2544
2428 1 1 2377
2429 1 1 1010
2430 1 1 146
2431 1 1 1139
2432 1 2 1789 1976
2433 1 1 566
2434 1 1 847
2435 1 1 2294
2436 1 1 1180
2437 1 1 1759
2438 1 1 795
2439 1 1 1042
2440 1 1 1854
2441 1 1 397
2442 1 1 2957
2443 1 1 2740
2444 1 1 1278
2445 1 1 1136
2446 1 1 784
2447 1 1 1417
2448 1 1 150
2449 1 1 1856
2450 1 1 255
2451 1 1 345
2452 1 1 2191
2453 1 1 2689
2454 1 1 58
2455 1 2 2728 2769
2456 1 1 609
2457 1 1 566
2458 1 1 2351
2459 1 1 1647
2460 1 1 743
2461 1 1 713
2462 1 1 2009
2463 1 1 2569
2464 1 1 2857
2465 1 1 1751
2466 1 1 1801
2467 1 1 2528
2468 1 1 1107
2469 1 2 150 272
2470 1 1 1121
2471 1 3 94 988 2358
2472 1 2 377 2520
2473 1 2 2731 2907
2474 1 1 1987
2475 1 1 377
2476 1 1 1559
2477 1 1 1348
2478 1 1 2207
2479 1 1 1731
2480 1 1 2202
2481 1 1 1876
2482 1 1 1178
2483 1 1 2248
2484 1 1 831
2485 1 1 1771
2486 1 1 1635
2487 1 1 1076
2488 1 1 702
2489 1 1 988
2490 1 1 1400
2491 1 1 1924
2492 1 1 2454
2493 1 1 1658
2494 1 1 2064
2495 1 1 2664
2496 1 1 1816
2497 1 1 702
2498 1 1 1344
2499 1 1 1121
2500 1 1 770
2501 1 2 89 773
2502 1 1 1635
2503 1 1 31
2504 1 1 1140
2505 1 1 1970
2506 1 1 2525
2507 1 1 2511
2508 1 1 2315
2509 1 1 2943
2510 1 1 2182
2511 1 1 2639
2512 1 1 2957
2513 1 1 313
2514 1 1 815
2515 1 1 2472
2516 1 2 403 2826
2517 1 2 346 2651
2518 1 1 103
2519 1 1 2569
2520 1 1 2029
2521 1 1 1482
2522 1 1 1585
2523 1 1 1583
2524 1 1 2580
2525 1 1 2774
2526 1 1 1842
2527 1 1 929
2528 1 1 1042
2529 1 1 2446
2530 1 1 121
2531 1 1 1327
2532 1 1 101
2533 1 2 89 773
2534 1 1 1437
2535 1 1 928
2536 1 1 377
2537 1 1 1258
2538 1 1 1411
2539 1 1 2101
2540 1 2 0 2561
2541 1 1 1410
2542 1 1 103
2543 1 2 687 2717
2544 1 1 1617
2545 1 1 1856
2546 1 1 529
2547 1 1 1277
2548 1 1 2142
2549 1 1 286
2550 1 1 759
2551 1 1 2440
2552 1 1 1414
2553 1 1 1821
2554 1 1 2689
2555 1 1 2377
2556 1 1 31
2557 1 1 422
2558 1 1 1540
2559 1 1 746
2560 1 1 1584
2561 1 1 1617
2562 1 1 2688
2563 1 2 617 1747
2564 1 2 347 1809
2565 1 1 2156
2566 1 1 505
2567 1 1 622
2568 1 1 1396
2569 1 1 2911
2570 1 1 258
2571 1 1 1921
2572 1 1 1246
2573 1 1 1751
2574 1 2 1817 2819
2575 1 1 1129
2576 1 1 2569
2577 1 1 622
2578 1 1 2010
2579 1 1 1585
2580 1 1 696
2581 1 2 594 1061
2582 1 2 1673 2178
2583 1 1 1348
2584 1 1 2095
2585 1 1 978
2586 1 1 1679
2587 1 1 146
2588 1 1 2643
2589 1 1 1251
2590 1 1 1139
2591 1 1 2854
2592 1 2 353 1594
2593 1 1 69
2594 1 1 2225
2595 1 1 2415
2596 1 2 1877 2552
2597 1 1 2057
2598 1 1 1854
2599 1 1 1180
2600 1 1 1821
2601 1 1 2300
2602 1 1 1743
2603 1 1 2438
2604 1 1 613
2605 1 1 150
2606 1 1 2868
2607 1 1 469
2608 1 1 743
2609 1 1 2156
2610 1 1 2358
2611 1 1 545
2612 1 1 635
2613 1 1 98
2614 1 3 1770 1925 2492
2615 1 1 800
2616 1 1 2433
2617 1 2 427 2655
2618 1 1 853
2619 1 1 2615
2620 1 1 1427
2621 1 1 2123
2622 1 2 1141 2723
2623 1 1 2046
2624 1 1 922
2625 1 1 1507
2626 1 1 1222
2627 1 2 1237 1758
2628 1 1 283
2629 1 1 2675
2630 1 1 1389
2631 1 1 1121
2632 1 1 1410
2633 1 1 1561
2634 1 2 617 1747
2635 1 1 2722
2636 1 1 2739
2637 1 1 1413
2638 1 1 1604
2639 1 1 920
2640 1 1 2525
2641 1 1 1637
2642 1 1 2943
2643 1 1 2064
2644 1 1 1588
2645 1 1 1583
2646 1 1 1407
2647 1 2 1783 2832
2648 1 2 1818 2469
2649 1 1 695
2650 1 2 513 2555
2651 1 1 892
2652 1 3 377 1443 2520
2653 1 1 853
2654 1 1 1806
2655 1 2 163 999
2656 1 1 815
2657 1 2 1114 2113
2658 1 2 172 656
2659 1 1 131
2660 1 1 2300
2661 1 1 2129
2662 1 1 1818
2663 1 1 2652
2664 1 1 622
2665 1 1 1947
2666 1 1 2117
2667 1 1 1687
2668 1 1 2145
2669 1 1 2997
2670 1 1 73
2671 1 1 1404
2672 1 1 635
2673 1 1 33
2674 1 1 675
2675 1 1 2352
2676 1 1 2015
2677 1 1 1698
2678 1 1 1698
2679 1 1 500
2680 1 1 2612
2681 1 2 8 279
2682 1 1 2360
2683 1 2 2082 2106
2684 1 1 2064
2685 1 2 1287 2111
2686 1 1 1763
2687 1 1 2748
2688 1 1 1418
2689 1 2 417 2704
2690 1 3 2301 2877 2967
2691 1 1 2095
2692 1 1 1116
2693 1 1 1395
2694 1 1 914
2695 1 1 2999
2696 1 1 1816
2697 1 1 667
2698 1 1 1726
2699 1 1 2907
2700 1 1 929
2701 1 1 273
2702 1 1 2927
2703 1 1 1327
2704 1 1 1576
2705 1 1 1129
2706 1 2 669 1628
2707 1 1 1139
2708 1 3 1431 1476 1835
2709 1 1 258
2710 1 1 1222
2711 1 1 611
2712 1 1 1250
2713 1 1 1251
2714 1 1 1631
2715 1 2 1870 2652
2716 1 1 43
2717 1 1 1770
2718 1 1 2630
2719 1 1 364
2720 1 1 828
2721 1 1 2123
2722 1 1 1268
2723 1 1 801
2724 1 1 1745
2725 1 1 1029
2726 1 1 866
2727 1 1 2228
2728 1 1 815
2729 1 2 7 98
2730 1 1 2039
2731 1 1 746
2732 1 1 1821
2733 1 1 1250
2734 1 1 100
2735 1 1 545
2736 1 1 759
2737 1 1 25
2738 1 1 2224
2739 1 1 2881
2740 1 1 156
2741 1 1 1548
2742 1 1 1588
2743 1 1 1522
2744 1 1 2093
2745 1 1 1440
2746 1 1 1076
2747 1 1 2779
2748 1 1 2466
2749 1 1 2714
2750 1 1 2202
2751 1 1 258
2752 1 1 2009
2753 1 1 1686
2754 1 2 513 2555
2755 1 1 689
2756 1 2 2731 2907
2757 1 2 1866 2976
2758 1 1 415
2759 1 1 2129
2760 1 1 343
2761 1 1 663
2762 1 1 158
2763 1 1 626
2764 1 1 176
2765 1 1 554
2766 1 1 1959
2767 1 1 1876
2768 1 1 2975
2769 1 1 1826
2770 1 1 1071
2771 1 1 573
2772 1 1 934
2773 1 1 160
2774 1 1 1406
2775 1 1 1691
2776 1 1 345
2777 1 2 2639 2835
2778 1 1 1576
2779 1 1 1047
2780 1 1 2629
2781 1 1 1899
2782 1 1 1818
2783 1 1 917
2784 1 1 406
2785 1 1 412
2786 1 1 2017
2787 1 1 544
2788 1 1 1443
2789 1 1 434
2790 1 1 2806
2791 1 1 566
2792 1 1 585
2793 1 1 1192
2794 1 1 1091
2795 1 1 2140
2796 1 1 1732
2797 1 1 2910
2798 1 1 2207
2799 1 1 102
2800 1 1 2039
2801 1 1 826
2802 1 2 1240 2089
2803 1 2 1141 2552
2804 1 1 718
2805 1 1 1053
2806 1 1 2496
2807 1 1 2724
2808 1 1 1517
2809 1 1 1713
2810 1 1 692
2811 1 1 90
2812 1 1 2463
2813 1 1 2789
2814 1 1 19
2815 1 3 98 1669 1735
2816 1 1 699
2817 1 1 2544
2818 1 1 145
2819 1 1 1134
2820 1 1 2600
2821 1 1 1434
2822 1 1 839
2823 1 1 1222
2824 1 1 2463
2825 1 1 1151
2826 1 1 2600
2827 1 1 810
2828 1 2 1866 2976
2829 1 1 664
2830 1 1 1617
2831 1 1 25
2832 1 1 2463
2833 1 1 978
2834 1 1 1396
2835 1 1 891
2836 1 1 1178
2837 1 2 212 379
2838 1 1 2664
2839 1 1 866
2840 1 1 1047
2841 1 1 2662
2842 1 1 988
2843 1 3 2301 2877 2967
2844 1 2 807 2751
2845 1 1 444
2846 1 1 517
2847 1 2 675 1058
2848 1 1 2254
2849 1 1 1475
2850 1 1 2721
2851 1 1 145
2852 1 1 1403
2853 1 1 97
2854 1 1 1272
2855 1 1 1238
2856 1 1 1556
2857 1 3 320 554 1726
2858 1 1 2230
2859 1 1 1782
2860 1 1 2818
2861 1 2 1013 2426
2862 1 1 98
2863 1 1 1382
2864 1 1 156
2865 1 1 214
2866 1 1 1929
2867 1 1 2429
2868 1 1 1687
2869 1 1 351
2870 1 2 163 999
2871 1 1 2956
2872 1 1 1674
2873 1 1 702
2874 1 1 803
2875 1 2 1034 1277
2876 1 1 2463
2877 1 1 1070
2878 1 1 2406
2879 1 1 1121
2880 1 1 2446
2881 1 1 2662
2882 1 1 2415
2883 1 1 192
2884 1 1 2253
2885 1 1 1734
2886 1 1 2426
2887 1 1 1197
2888 1 1 2644
2889 1 1 1594
2890 1 1 2652
2891 1 1 1702
2892 1 1 71
2893 1 1 1826
2894 1 1 2915
2895 1 1 1450
2896 1 1 1406
2897 1 2 1215 2296
2898 1 1 2101
2899 1 2 1192 2945
2900 1 1 1989
2901 1 1 1076
2902 1 1 1873
2903 1 1 2485
2904 1 1 43
2905 1 1 98
2906 1 1 2789
2907 1 1 1687
2908 1 1 2089
2909 1 1 1136
2910 1 1 2009
2911 1 1 1576
2912 1 2 1690 2877
2913 1 1 1864
2914 1 3 1230 1586 1969
2915 1 1 1561
2916 1 2 334 1832
2917 1 1 1558
2918 1 1 2712
2919 1 3 66 1185 2053
2920 1 1 1311
2921 1 1 192
2922 1 1 2301
2923 1 1 2951
2924 1 1 517
2925 1 1 412
2926 1 1 156
2927 1 2 513 2555
2928 1 1 498
2929 1 1 2653
2930 1 1 2075
2931 1 2 1034 1277
2932 1 1 43
2933 1 1 1688
2934 1 2 1853 2350
2935 1 1 2011
2936 1 1 404
2937 1 1 262
2938 1 1 2399
2939 1 1 2125
2940 1 1 2351
2941 1 1 1231
2942 1 1 2614
2943 1 1 1826
2944 1 2 2243 2723
2945 1 2 958 2898
2946 1 1 650
2947 1 1 2726
2948 1 1 518
2949 1 1 2861
2950 1 1 2119
2951 1 2 346 2651
2952 1 1 301
2953 1 1 2433
2954 1 1 2277
2955 1 1 1558
2956 1 2 743 1631
2957 1 1 563
2958 1 1 1268
2959 1 1 2278
2960 1 2 435 2533
2961 1 1 741
2962 1 1 884
2963 1 1 2147
2964 1 1 2399
2965 1 1 2610
2966 1 1 1347
2967 1 1 1911
2968 1 1 2129
2969 1 1 343
2970 1 1 1452
2971 1 2 2278 2955
2972 1 1 151
2973 1 2 2165 2588
2974 1 1 1767
2975 1 1 702
2976 1 1 1810
2977 1 1 1723
2978 1 1 1219
2979 1 1 2025
2980 1 1 1192
2981 1 1 784
2982 1 1 2291
2983 1 1 99
2984 1 1 764
2985 1 1 757
2986 1 1 637
2987 1 1 2630
2988 1 2 2278 2955
2989 1 1 2202
2990 1 1 2021
2991 1 1 1058
2992 1 1 76
2993 1 1 622
2994 1 1 1754
2995 1 2 787 2011
2996 1 1 2786
2997 1 1 2252
2998 1 1 1583
2999 1 1 2401
3000 1 1 821
