1 1 6 388 517 1815 2691 6234 6413
1 2 4 2007 4134 5062 7844
1 3 4 1414 2235 2670 7387
1 4 5 419 1200 5637 6936 9350
1 5 6 215 3820 5258 5923 8000 9274
1 6 6 915 4164 5395 6622 8667 9877
1 7 3 2236 6061 8008
1 8 5 900 1989 3825 4007 8899
2 1 4 1230 3499 6449 8530
2 2 3 1838 2009 2466
2 3 6 1268 3104 3362 7739 7806 9067
2 4 5 5388 6389 8133 8315 9104
2 5 4 581 3348 6522 6907
2 6 5 297 1138 1667 4520 7653
2 7 5 3335 5672 6434 7145 9040
2 8 2 4871 5922
3 1 3 542 6433 8890
3 2 4 2145 2691 9160 9167
3 3 5 1949 6340 7437 7586 7840
3 4 4 7379 7940 8564 9892
3 5 4 235 1197 3213 4293
3 6 4 2070 3477 3664 8469
3 7 4 1800 4769 6206 6786
4 1 3 2152 4688 8540
4 2 2 1361 8014
4 3 4 326 3123 5924 7821
4 4 4 1815 2691 3943 6234
4 5 3 1743 4962 5202
4 6 3 1071 1975 4968
4 7 4 2682 7166 7332 8298
4 8 3 6554 6579 7186
4 9 4 1196 4631 5859 9626
4 10 2 3582 7367
4 11 3 2335 3247 4878
4 12 6 1460 5062 6332 7252 7426 9303
4 13 2 796 7387
4 14 3 1987 5239 8458
5 1 4 2013 3087 8069 9894
5 2 4 996 4563 6168 7841
5 3 6 1592 3153 3966 7587 8100 9813
5 4 2 5869 9472
5 5 4 1114 3498 4444 5493
5 6 3 2552 7844 8269
5 7 5 2178 4399 7833 9006 9356
5 8 3 1241 2719 4563
5 9 5 410 1734 5505 5801 9627
5 10 5 109 364 3946 5221 5468
5 11 3 2001 5421 9003
5 12 4 1772 3183 9538 9833
5 13 5 1026 2010 6289 7462 9524
6 1 3 3722 3990 6993
6 2 1 988
6 3 1 8634
6 4 2 6369 6907
6 5 2 1077 4394
6 6 3 1745 6105 7969
6 7 3 403 1178 9969
6 8 2 4469 8334
6 9 3 990 1473 1731
6 10 2 5187 5950
7 1 3 1487 1644 9567
7 2 3 2396 5824 6650
7 3 3 613 3738 4607
7 4 4 3354 3486 8902 9428
7 5 2 2922 5201
7 6 1 3208
7 7 7 632 3372 4451 5943 7539 9179 9492
7 8 1 1285
7 9 1 585
7 10 4 47 3298 3619 3780
8 1 3 410 5505 5801
8 2 4 3421 5134 6206 7284
8 3 1 7873
8 4 2 46 4026
8 5 1 2649
8 6 2 6872 8386
8 7 1 52
8 8 1 2432
8 9 1 2832
8 10 2 1377 3611
8 11 2 4055 5444
9 1 3 1472 5795 6460
9 2 6 2491 6778 7514 8157 8315 9873
9 3 3 1631 8682 9689
9 4 3 2969 5209 5918
9 5 2 240 7033
9 6 5 1854 2408 3638 6492 8360
9 7 3 2236 4746 5239
9 8 3 2717 4571 4896
9 9 2 43 5461
9 10 3 4502 8315 8572
10 1 3 3021 9229 9582
10 2 3 72 3796 8421
10 3 3 2528 2615 8596
10 4 4 2116 6078 7531 9456
10 5 3 632 853 1355
10 6 1 3403
10 7 4 2125 4082 4752 7079
10 8 3 4162 8499 8748
10 9 4 846 1651 3611 5408
10 10 2 9132 9134
10 11 2 4573 9386
11 1 5 542 6088 8916 9105 9933
11 2 3 1949 4879 7840
11 3 6 97 669 2951 6734 7256 7379
11 4 2 544 1070
11 5 5 1667 2431 4603 7661 9805
11 6 4 235 1009 1709 2130
11 7 4 1230 4427 9488 9521
11 8 4 4367 4528 5681 9278
11 9 4 4038 4044 8902 9105
11 10 3 5105 9257 9859
11 11 3 3477 6823 6976
11 12 2 53 7009
11 13 4 1800 4769 5221 7991
11 14 3 1135 8147 8518
12 1 1 1818
12 2 2 2911 7740
12 3 1 1511
12 4 1 5852
12 5 1 3738
12 6 1 3306
13 1 1 1253
13 2 1 9840
13 3 1 5098
13 4 1 9325
13 5 1 2552
13 6 1 5116
14 1 5 779 7580 7669 9179 9651
14 2 4 203 544 2615 7427
14 3 5 2010 4367 5614 6289 9523
14 4 6 2116 5610 6556 6653 8185 9456
14 5 6 1369 1815 2691 6234 7079 7238
14 6 5 1595 3348 5408 6614 7378
14 7 5 1389 1741 4528 6231 8456
14 8 3 431 4245 4797
14 9 5 54 303 542 5444 5768
14 10 7 53 431 1629 3607 5377 5605 7494
15 1 3 3091 4012 9433
15 2 2 3977 5335
15 3 1 348
15 4 3 3595 3748 9590
15 5 3 2387 7709 8570
15 6 3 3500 3698 4871
15 7 1 2592
15 8 3 1566 1945 5128
15 9 4 643 2579 2760 4127
15 10 3 2177 4418 9903
15 11 2 4342 8687
15 12 4 7176 9608 9788 9813
16 1 4 1285 3644 4242 6413
16 2 3 1492 1708 3797
16 3 4 1414 1454 2235 5234
16 4 2 2477 2949
16 5 7 3026 4076 6910 7135 7726 7859 8718
16 6 5 770 3820 5350 6433 9775
16 7 4 2494 6264 6688 9114
16 8 4 602 3908 4708 6784
16 9 6 240 1844 2172 2504 6969 9287
16 10 2 2026 6048
16 11 3 3981 6032 9138
17 1 2 5824 6721
17 2 1 2555
17 3 1 3354
17 4 1 1255
17 5 2 735 3208
17 6 1 8360
17 7 2 2789 7879
17 8 2 5943 7539
17 9 1 6272
18 1 2 167 5031
18 2 2 5073 9395
18 3 2 8299 9134
18 4 2 1798 8219
18 5 1 6181
18 6 2 7820 9781
18 7 2 4869 8466
18 8 2 2216 7415
18 9 2 2790 4573
19 1 4 293 513 2012 7447
19 2 3 300 6443 9339
19 3 3 2598 3662 4968
19 4 3 797 2737 4746
19 5 3 576 8280 8783
19 6 4 3020 4113 4241 7377
19 7 1 3328
19 8 5 828 3695 7627 8209 8341
19 9 1 6183
20 1 2 512 7607
20 2 1 4632
21 1 2 235 7928
21 2 1 2649
21 3 3 1783 5772 7856
21 4 2 3582 5728
21 5 1 489
21 6 3 3440 8925 8950
21 7 3 1757 2422 7091
21 8 2 1414 7467
21 9 3 7368 8432 9807
21 10 1 7505
21 11 2 4692 7142
21 12 1 6926
22 1 1 8317
22 2 1 6183
22 3 1 8281
22 4 1 8439
22 5 1 9423
22 6 2 7400 8815
22 7 2 7190 8033
22 8 1 3286
22 9 1 4880
23 1 5 739 1338 1699 2915 8430
23 2 2 1414 2453
23 3 1 2295
23 4 5 2235 5121 5159 6097 7190
23 5 3 3658 5739 8332
23 6 3 1030 1672 5337
23 7 3 99 8282 8826
23 8 1 7978
23 9 3 215 3255 6530
23 10 4 732 1214 4308 4742
23 11 5 2224 3301 3435 7010 7490
24 1 3 796 1071 7856
24 2 5 542 1696 2943 6779 7640
24 3 5 1236 1612 1698 4541 6800
24 4 2 1088 9179
24 5 3 214 5765 9259
24 6 4 1335 5687 5893 9428
24 7 3 2588 3744 4425
24 8 2 7707 9767
25 1 3 2089 2572 8505
25 2 5 472 1382 3518 6270 9101
25 3 5 1088 2399 2743 7900 9781
25 4 5 1389 1800 4544 5940 7305
25 5 7 322 1200 3083 6019 6047 8950 9356
25 6 4 462 4180 7245 8061
25 7 5 18 3831 3846 4468 7418
26 1 1 5368
26 2 1 1396
26 3 1 1497
26 4 1 2388
27 1 1 188
27 2 2 4014 6252
27 3 2 3763 4892
27 4 1 1227
27 5 4 732 2957 3053 9243
27 6 1 348
28 1 3 4697 6651 8302
28 2 1 552
28 3 5 1513 4544 7508 9563 9595
28 4 1 9588
28 5 1 3794
28 6 1 6166
28 7 2 3445 7793
29 1 1 1950
29 2 2 3336 4645
29 3 2 3690 9833
29 4 1 7589
30 1 3 268 5728 6738
30 2 1 7190
30 3 2 542 8947
30 4 1 8310
30 5 5 1664 1787 3967 4409 5738
30 6 2 771 5187
30 7 4 4196 7855 9042 9289
30 8 5 1060 1949 2087 2778 7840
30 9 2 6363 7379
30 10 2 1605 7281
30 11 2 7750 8020
30 12 5 31 1482 2774 6004 9533
30 13 3 235 3331 7658
30 14 3 2198 4368 8185
30 15 3 4126 5940 9449
30 16 3 1800 3064 4769
31 1 3 1413 7075 8421
31 2 5 3983 4632 6078 8036 8382
31 3 7 998 2056 3908 7345 7649 8245 8634
31 4 1 7400
31 5 5 4082 4752 7192 8475 9119
31 6 1 1178
31 7 2 2422 4162
31 8 3 272 7110 8432
32 1 2 4296 8803
32 2 3 2012 3151 3260
32 3 2 6049 6904
32 4 2 6181 6904
32 5 3 8316 8647 9557
32 6 3 2417 5932 9840
33 1 8 1473 1731 2651 3481 4600 5539 5676 8420
33 2 3 3796 4238 5477
33 3 4 517 3573 6105 9163
33 4 2 686 9313
33 5 4 643 2533 4440 7462
33 6 4 1844 3888 6172 7661
33 7 5 113 2651 6241 6699 8014
33 8 4 960 1009 2345 5756
33 9 4 1388 4528 4541 5681
33 10 4 4116 6734 6823 9446
34 1 4 2406 4772 6411 6721
34 2 3 2887 7792 8949
34 3 1 5056
34 4 5 1959 3617 3786 5876 8379
34 5 2 4788 8663
34 6 3 988 7298 9300
34 7 3 3934 4008 9467
35 1 2 4914 5603
35 2 4 1629 3075 4838 8457
35 3 3 2187 3528 8204
35 4 1 2267
35 5 1 1605
35 6 3 4838 8044 9134
35 7 3 1411 2267 2824
35 8 3 681 7262 9022
36 1 1 8803
36 2 2 4761 8795
36 3 2 3690 9833
37 1 1 7508
37 2 1 4452
37 3 1 1713
37 4 1 5128
37 5 1 4825
37 6 1 5483
37 7 1 5895
38 1 1 6247
38 2 1 3545
39 1 2 9215 9395
39 2 3 7406 7447 8468
39 3 1 8540
39 4 1 1042
39 5 2 1194 9683
39 6 5 2189 4537 4905 7325 7844
39 7 1 5656
39 8 4 4183 8289 8784 9643
39 9 1 7467
39 10 2 5795 5940
40 1 1 4814
40 2 1 1995
40 3 1 7345
40 4 1 4579
40 5 1 3690
40 6 1 815
40 7 1 4902
40 8 2 897 8786
40 9 1 109
40 10 1 6598
40 11 1 6146
40 12 3 1396 1413 3888
41 1 2 3178 5443
41 2 2 3689 7843
41 3 2 3831 6287
41 4 3 4683 7316 8300
41 5 2 1933 7067
41 6 1 5252
41 7 1 7013
41 8 2 3879 7109
42 1 2 6413 7649
42 2 4 2141 2504 5765 8740
42 3 4 58 1492 3796 3797
42 4 2 6804 8838
42 5 4 1414 2235 4538 6511
42 6 3 230 3026 9498
42 7 4 1800 7400 8596 9466
42 8 3 4561 5095 9467
42 9 3 3083 3820 4575
42 10 2 3335 4180
42 11 3 3792 9467 9741
42 12 3 1032 2412 4468
42 13 3 2453 3089 6048
42 14 3 1355 3640 9498
42 15 1 5007
42 16 5 2014 3825 4007 4667 8281
43 1 2 5234 9295
43 2 3 1743 3664 5336
43 3 3 6369 7135 7859
43 4 1 6784
43 5 3 3703 4731 5560
43 6 4 3496 5909 8033 9134
43 7 3 2824 5634 6640
43 8 4 2824 5098 5634 7096
43 9 3 4444 5933 6501
43 10 3 5481 6815 7153
44 1 1 4973
44 2 4 513 3123 4481 7238
44 3 2 5234 9881
44 4 4 2691 3662 5601 9167
44 5 4 2075 4113 7377 8340
44 6 5 1260 1283 2543 7473 9446
44 7 5 67 345 2232 5932 9293
44 8 3 97 2830 9088
44 9 5 213 2177 4993 6183 6492
45 1 5 773 1414 3406 5116 7467
45 2 1 3832
45 3 6 406 3888 5417 6896 7765 9282
45 4 3 6341 8316 8852
45 5 3 7563 7589 8039
45 6 2 1729 2130
45 7 2 1122 5858
45 8 2 6477 8324
45 9 2 7192 8475
45 10 3 8000 8135 9274
45 11 3 2453 4976 7655
46 1 4 732 1214 7840 9686
46 2 2 613 3411
46 3 3 597 5159 5923
46 4 1 6399
46 5 4 22 3780 5526 7616
46 6 3 3348 8576 9874
46 7 1 9627
46 8 1 7644
46 9 2 1903 4957
47 1 2 2299 6055
47 2 2 2297 7797
47 3 5 2271 4258 5923 6258 6380
47 4 5 874 2915 3800 6307 8216
47 5 2 4242 5962
47 6 2 230 7890
47 7 2 5095 9182
47 8 4 50 3493 9435 9860
47 9 2 7421 8995
47 10 4 651 3478 7306 7744
47 11 3 544 5339 7199
47 12 2 4017 8604
47 13 3 203 3493 7238
47 14 2 4914 6703
47 15 5 3613 4422 5027 6572 8526
48 1 1 3541
48 2 5 1081 4113 4746 4754 9645
48 3 1 6399
48 4 1 7437
48 5 3 2895 3411 6351
48 6 2 796 6194
48 7 2 7010 8821
48 8 1 5159
48 9 1 5429
48 10 3 1369 9159 9627
48 11 4 734 3241 3548 7549
48 12 1 5349
48 13 2 2150 8644
49 1 3 2907 6894 9134
49 2 4 1200 4297 4630 6894
49 3 4 3292 3415 6250 9569
49 4 4 4444 5589 9446 9787
49 5 6 942 2441 3464 5864 6940 7589
49 6 3 3951 6584 9378
49 7 2 4409 9689
49 8 4 1670 3284 5562 5852
49 9 2 3512 9556
49 10 4 740 2893 3328 4383
50 1 2 4418 5604
50 2 1 3205
50 3 3 3828 4342 5375
50 4 2 3573 9163
50 5 1 1435
50 6 4 345 514 1821 4474
50 7 1 5131
50 8 2 2879 5387
50 9 3 1330 4993 9446
50 10 2 4724 6152
50 11 4 2360 2528 2996 5757
51 1 1 4769
51 2 1 4256
51 3 2 9498 9518
52 1 2 1627 8540
52 2 1 2471
52 3 1 8167
52 4 1 1826
53 1 1 7445
53 2 3 1327 3244 7804
53 3 1 1524
53 4 2 2404 9672
53 5 3 5791 8105 8353
53 6 2 1117 8803
53 7 1 4047
53 8 3 160 8542 9034
53 9 2 1417 3846
53 10 2 9194 9679
54 1 4 1508 1954 4697 8870
54 2 2 8150 9318
54 3 5 1654 2450 3451 3890 9244
54 4 5 1534 1713 2028 2994 5210
54 5 3 5121 6593 7531
54 6 2 3026 9134
55 1 3 4544 5000 7739
55 2 5 67 5932 8958 9136 9864
55 3 6 1922 2187 2629 3047 7049 8432
55 4 4 1002 4797 4968 8076
56 1 1 8034
56 2 4 1511 2239 2751 5218
56 3 7 1000 1023 2382 7462 7474 9090 9096
56 4 5 2075 2089 2831 3039 5627
56 5 4 1903 5708 7010 7205
56 6 2 944 1214
56 7 3 1880 3178 7198
56 8 4 24 3062 4817 6302
56 9 6 1330 3639 4936 5790 6954 8818
56 10 4 49 4299 8052 9370
56 11 4 232 2337 4444 8352
56 12 3 3420 5994 6118
56 13 3 47 7952 9397
56 14 5 1605 1811 1981 5594 7865
57 1 1 8214
57 2 4 4055 4113 8540 9645
57 3 2 921 7864
57 4 5 1698 3567 4440 8404 9244
57 5 5 1844 2923 4959 8383 9259
57 6 5 4683 4769 5195 6287 8119
57 7 3 327 4256 6337
57 8 6 4759 7138 8740 9375 9498 9518
57 9 4 135 2345 4645 5756
57 10 2 1317 2243
57 11 3 1675 3934 4977
58 1 6 293 1435 3659 4409 8069 9705
58 2 6 4464 4862 5387 5708 5897 6311
58 3 7 320 384 617 998 6183 7345 8779
58 4 5 1114 1202 4558 5881 8395
58 5 3 5346 5853 6357
58 6 5 3707 3796 5368 6567 7325
58 7 7 111 920 1696 2300 5464 5656 7640
58 8 9 293 1527 3083 4183 4188 5486 8281 8289 8784
59 1 2 235 7928
59 2 3 435 1243 5772
59 3 1 5728
59 4 1 6047
59 5 2 8925 8950
59 6 2 1757 5477
59 7 3 3123 7368 9807
59 8 3 2877 3178 8422
59 9 2 341 6926
59 10 1 9686
60 1 4 2012 4444 5561 5676
60 2 3 97 797 7256
60 3 4 5708 7205 7921 9160
60 4 4 1743 7661 8803 9513
60 5 4 1677 3334 6166 7123
60 6 4 4600 5259 9620 9969
60 7 3 968 2012 9287
60 8 1 1599
60 9 4 1974 3020 7204 7350
60 10 5 1854 1922 3328 5585 7413
60 11 3 4493 4959 8383
60 12 1 3183
60 13 2 9855 9860
60 14 3 6137 7627 8341
61 1 3 3967 4844 7694
61 2 1 1685
61 3 3 320 4149 6745
61 4 7 431 1202 2957 4558 7228 7540 8395
61 5 6 176 1954 2949 4556 6480 8118
61 6 4 5201 5202 8332 9821
61 7 6 2087 2685 5824 7407 7836 7960
61 8 2 5346 5718
61 9 3 3799 5830 7325
61 10 6 771 3354 3358 7058 8432 9601
61 11 4 1810 2995 8197 9397
61 12 3 5538 5656 6369
61 13 4 841 2397 3208 8117
61 14 4 4169 5943 7539 9705
61 15 2 32 6225
62 1 6 837 2152 3673 5239 7285 8697
62 2 2 8639 8771
62 3 1 7855
62 4 2 1313 2013
62 5 3 3107 8014 9530
62 6 1 3935
62 7 4 8 2197 6187 9398
62 8 4 263 630 1103 4707
62 9 5 4373 5202 6761 6783 7989
62 10 2 3753 6055
62 11 2 792 8687
62 12 4 2682 6026 7332 8958
62 13 3 1369 2250 9626
62 14 4 2997 6492 7680 7885
62 15 3 5940 6492 7680
62 16 5 243 733 1351 4632 7252
63 1 1 2477
63 2 2 1757 7411
63 3 2 8298 9077
63 4 2 1122 4440
63 5 1 1194
63 6 1 7286
64 1 5 431 5883 7228 7410 7540
64 2 1 2820
64 3 3 4894 7833 9836
64 4 2 1030 1361
64 5 3 4418 5604 7202
64 6 2 3358 8432
64 7 1 7620
64 8 1 4976
64 9 2 4724 6152
64 10 1 6236
64 11 3 694 1414 1810
64 12 2 2001 5757
64 13 2 4511 9433
64 14 2 2207 5853
64 15 1 9833
65 1 1 1847
65 2 1 7864
65 3 1 8196
66 1 1 3299
66 2 2 5850 7506
66 3 2 1402 4404
66 4 2 289 7794
66 5 2 983 3619
66 6 2 1173 4642
66 7 3 178 320 9914
66 8 2 4164 8408
66 9 2 4449 8205
67 1 3 4642 4746 8542
67 2 3 2152 3411 9973
67 3 4 97 2650 3411 3548
67 4 5 3659 4746 6817 8428 8751
67 5 4 121 5760 8218 8540
67 6 6 2012 2152 3050 3567 6533 8404
68 1 1 6646
68 2 1 7991
68 3 1 2401
68 4 2 2171 4126
68 5 1 794
68 6 1 4125
68 7 2 3334 7844
68 8 1 9182
68 9 2 6761 7989
69 1 4 6892 7466 9549 9701
69 2 5 4603 5460 6907 7245 8721
69 3 1 5852
69 4 1 1508
69 5 4 1903 1990 5136 6102
69 6 4 759 5372 6750 7573
69 7 4 986 3306 3371 4497
69 8 7 94 1361 2273 3383 5393 6069 9217
69 9 4 1417 1472 4437 5508
69 10 3 4449 9194 9679
69 11 4 6586 6892 8150 9593
70 1 2 4892 8407
70 2 2 2496 6118
70 3 1 9119
70 4 2 6240 7485
70 5 2 7833 9300
70 6 3 1030 6649 7731
70 7 2 2271 6402
70 8 1 5468
70 9 2 2001 3859
70 10 3 675 6447 7571
71 1 3 1186 6505 8316
71 2 3 2846 5218 6711
71 3 1 9187
72 1 4 4600 5676 7803 8069
72 2 4 2552 4958 7542 7661
72 3 8 2111 3732 6411 7316 7514 8300 9639 9931
72 4 5 11 1009 4006 6088 9560
72 5 4 779 8398 8527 9589
72 6 4 363 469 1336 4929
72 7 4 2915 3403 6505 7692
72 8 3 243 2273 8302
72 9 5 1344 3696 4506 5333 5593
73 1 4 2412 2422 4018 6734
73 2 3 4481 6884 8280
73 3 2 4882 4999
73 4 1 4312
73 5 2 1008 3089
73 6 2 1846 6043
73 7 4 2145 7516 8285 9531
73 8 2 1543 1869
73 9 5 1603 2963 5128 5803 7044
73 10 4 4113 6307 8924 9645
73 11 3 1651 3348 8167
73 12 3 1194 4631 5545
74 1 2 1793 5563
74 2 5 4834 7829 7890 8267 8542
74 3 4 3151 6676 8165 8338
74 4 3 3039 3846 7421
74 5 4 4 6339 8042 8551
74 6 3 2152 4149 6562
74 7 3 1489 3662 4787
74 8 4 68 853 5545 6231
75 1 3 2552 3405 4822
75 2 2 5491 7851
75 3 5 1815 2691 3284 3518 6234
75 4 2 3991 6597
75 5 2 4801 7489
75 6 2 5062 7649
75 7 1 1933
75 8 5 2295 4697 7039 8870 8950
75 9 3 5708 7205 9699
75 10 2 3890 4421
75 11 5 2028 2994 7224 9767 9827
75 12 2 669 7387
75 13 3 6698 6952 8280
76 1 1 2649
76 2 1 8733
76 3 1 3383
76 4 1 3960
76 5 3 1503 4599 9281
77 1 2 5755 7204
77 2 1 9803
77 3 2 1125 8870
77 4 1 2480
77 5 2 6137 7901
77 6 2 1389 8456
77 7 3 2877 5951 8422
77 8 1 8544
77 9 3 712 2572 8530
77 10 2 6580 9397
77 11 3 4052 5867 8643
77 12 2 794 2333
78 1 2 2446 9148
78 2 1 208
78 3 3 4603 5463 6896
78 4 1 1524
78 5 1 3628
78 6 2 8126 9040
78 7 1 3943
78 8 3 866 4525 6649
79 1 6 43 1173 1918 3582 6088 9933
79 2 3 320 7552 9521
79 3 2 2759 8530
79 4 1 5643
79 5 3 2292 9356 9558
79 6 5 2426 3611 6016 7907 8420
79 7 3 815 1154 2474
79 8 3 1511 4162 9142
79 9 3 1774 2362 2717
79 10 3 7387 9441 9975
79 11 3 581 4215 8641
79 12 3 2921 7483 8408
79 13 3 4632 7707 9105
79 14 4 4012 5605 7079 8147
80 1 3 567 7843 8030
80 2 1 9216
80 3 3 2010 6289 9705
80 4 2 2631 7619
81 1 3 6052 8244 9281
81 2 2 1443 1945
81 3 2 4196 5305
81 4 1 2337
81 5 3 94 1538 7116
81 6 2 9310 9484
82 1 3 2623 4491 7820
82 2 3 1150 1361 4317
82 3 4 326 3659 7616 8751
82 4 4 898 7380 7751 9030
82 5 4 461 759 853 4408
82 6 4 4962 6608 8073 9928
82 7 2 7265 8298
83 1 2 2152 6894
83 2 3 922 7649 8014
83 3 3 4630 6894 8527
83 4 4 8 58 2197 4890
83 5 4 5202 6038 7059 7930
83 6 3 1399 2682 7332
83 7 4 303 1203 2830 5007
83 8 3 4667 7252 9689
84 1 2 2195 3413
84 2 4 1669 1815 2691 6234
84 3 3 921 6434 8058
84 4 1 1053
84 5 4 54 3371 8008 8282
84 6 6 6487 6892 7481 7930 8150 9593
85 1 1 891
85 2 1 3864
85 3 2 2235 6387
85 4 2 6982 9096
85 5 2 2466 6788
85 6 1 2429
85 7 2 2172 2923
85 8 2 3463 8061
85 9 1 7718
85 10 6 2120 3064 3897 4548 7566 9190
86 1 3 1812 7408 9090
86 2 4 200 1040 1696 1903
86 3 3 2915 6181 9994
86 4 3 913 4894 8917
86 5 3 24 184 4215
86 6 2 1198 2200
86 7 3 49 7921 8966
86 8 1 8881
86 9 2 6258 8791
86 10 5 47 1726 5678 8549 9221
87 1 4 1431 3039 5999 9639
87 2 2 7969 9549
87 3 3 341 3679 6069
87 4 4 1369 3609 4151 5440
87 5 3 214 8921 9569
87 6 1 6535
87 7 3 94 1074 6337
87 8 1 135
87 9 3 1317 1583 7892
87 10 3 1414 7467 8768
87 11 2 4900 8390
87 12 1 755
88 1 4 2536 3176 4153 6646
88 2 2 2997 9355
88 3 6 746 1414 2235 3219 3503 7991
88 4 4 532 3388 4523 7552
88 5 7 1117 1658 2895 3091 3528 3662 4784
88 6 2 2387 2749
88 7 4 504 3637 4871 7904
88 8 4 410 3334 5505 5801
88 9 4 1111 3799 5128 9182
89 1 5 22 356 1306 1812 5511
89 2 3 686 7754 8395
89 3 2 2351 6314
89 4 2 3338 3440
89 5 4 2288 5289 7314 9860
89 6 2 5846 8332
89 7 1 6483
90 1 3 866 6137 8867
90 2 4 2162 3198 6337 7755
90 3 3 927 1192 4919
90 4 3 1836 1984 9648
90 5 2 1629 7139
90 6 2 3180 8044
90 7 2 4119 4997
90 8 4 85 1327 5708 9564
90 9 3 1946 7223 9303
90 10 6 498 2187 3528 4028 8204 9010
91 1 2 1258 8956
91 2 1 3481
91 3 4 1945 2997 4215 4238
91 4 1 2651
91 5 2 4183 5100
91 6 2 4563 5569
91 7 2 1364 8791
91 8 3 1388 1559 7074
92 1 1 2150
92 2 2 1743 5477
92 3 4 735 4183 4931 5611
92 4 2 6573 7469
92 5 3 1946 9003 9303
92 6 3 990 2832 5098
92 7 2 4444 9582
92 8 2 3573 9163
93 1 3 3336 7404 8299
93 2 2 2555 7533
93 3 1 6063
93 4 2 2956 8473
93 5 2 2386 3036
93 6 2 3134 4892
93 7 2 6909 7855
93 8 2 442 4528
93 9 2 1033 6129
94 1 1 8000
94 2 3 929 6536 8392
94 3 2 2533 7405
94 4 2 4517 6936
94 5 2 200 1040
95 1 2 517 5897
95 2 3 1903 5136 6183
95 3 2 4242 8803
95 4 3 1417 1696 7640
95 5 3 8281 9194 9679
96 1 3 7133 7211 9358
96 2 2 602 1141
96 3 2 511 7542
96 4 2 5392 8751
96 5 3 434 1256 5551
96 6 1 7837
96 7 1 5887
96 8 3 2422 5218 8544
96 9 1 1414
96 10 4 2858 3565 4511 8530
97 1 2 1744 8577
97 2 3 2691 4014 6252
97 3 3 3611 8157 9552
97 4 3 7033 8813 9289
97 5 3 1567 3401 4587
97 6 3 732 1330 9243
97 7 1 7856
97 8 4 628 8275 8376 9533
97 9 4 2262 2792 4368 5119
97 10 3 1773 3064 8113
98 1 1 1903
98 2 2 4808 9625
98 3 2 2297 9873
98 4 4 1237 4333 6757 7587
98 5 1 7900
98 6 1 3490
98 7 5 50 2555 4502 5925 9435
98 8 2 2877 6078
99 1 2 3907 7466
99 2 1 7240
99 3 1 7952
100 1 2 6283 6637
100 2 2 2774 5003
100 3 2 2393 4586
100 4 2 3334 3785
100 5 1 6137
100 6 2 3675 6917
100 7 3 3846 4350 9420
100 8 2 3091 9350
100 9 2 628 8362
100 10 2 874 4913
